X,Y
0.024474419,0.273377748
0.282467163,0.448529133
0.501927866,0.56518084
0.643919952,0.64295918
0.78606374,0.691440274
0.915262379,0.739952973
1.031617006,0.768965779
1.160765078,0.827244226
1.277069138,0.86602278
1.406267777,0.914535479
1.535516984,0.953282429
1.664766191,0.992029379
1.794015398,1.03077633
1.923315171,1.059757531
2.078404106,1.108207021
2.20770388,1.137188223
2.336953086,1.175935173
2.504987169,1.224353059
2.634286942,1.25333426
2.763536149,1.292081211
2.931671365,1.320967599
3.125646309,1.359556528
3.26789123,1.388506125
3.423081299,1.417424118
3.539486492,1.436671176
3.668836833,1.455886629
3.811132321,1.475070478
3.953377242,1.504020075
4.082828717,1.503704031
4.212179058,1.522919485
4.367419693,1.542071729
